.Random.seed <-
c(403L, 624L, 481462074L, -1827783821L, -1227001320L, 540513593L, 
877618086L, 1330133487L, 1639352164L, 191790869L, 1124390098L, 
-1098967509L, 370143088L, 1767599281L, 1869350590L, -1130951641L, 
-1128679876L, 1161034253L, 140436842L, 1796085731L, -1990023224L, 
-1370651863L, 115612886L, 922219871L, -1855696876L, -713481211L, 
1020991746L, -189128549L, -1924203744L, 639613089L, -597162514L, 
-846735977L, 1362474220L, 1998445821L, -1004548198L, 2057179219L, 
1203390840L, 794815769L, -1141628410L, 171936975L, -69647164L, 
-96598795L, -1897961166L, 712034059L, 2104881872L, 1738014865L, 
-1387212514L, -1250690297L, 749100956L, -1817084947L, -1000847926L, 
-66771773L, 935286568L, -1295133943L, 1972532022L, 156631103L, 
-668965516L, 478945765L, 466928994L, -590739077L, 432002688L, 
855852161L, 1218013262L, 1433566327L, -1183402420L, 1100863197L, 
1714112506L, 1263162675L, 1712115928L, 800470265L, -1433268122L, 
305287087L, 1879355940L, -1561167147L, 1195257234L, 1655498731L, 
-1272469968L, -312441743L, -2123052162L, 1683642855L, 1288812796L, 
-481169971L, 528209450L, 1446289827L, 1442690696L, 1962414825L, 
1451620758L, 277576479L, -804181292L, -1480585275L, 626958786L, 
1556111963L, 1835557344L, 1265549409L, -942277970L, -557673641L, 
-693999700L, -2030255939L, -1360203686L, 206244371L, -1314060232L, 
422735065L, 700526278L, 1842905743L, 2005979012L, -385621835L, 
-1422319118L, 627800267L, -453178992L, 1101854801L, 1483732446L, 
1996630215L, -1852587428L, -695382099L, 1273075338L, -824930685L, 
-101333528L, 1791247049L, -1185501194L, -2125437441L, 143564852L, 
-1198723675L, -560943582L, 1087712059L, -383738560L, -195417023L, 
1823849742L, 87038519L, -1290745588L, 129145501L, -696465222L, 
-522703117L, 913502104L, 1607242937L, -1357284058L, -1432209L, 
-136995612L, -336972139L, 99108434L, -857441877L, 651042032L, 
-1485480911L, 1792692286L, -148674649L, 457472956L, -874798707L, 
128026346L, -685970589L, -1518369464L, -2044042583L, -107178410L, 
1818018015L, 1022412180L, -865420411L, -662508926L, -247438309L, 
-641693536L, -1363310559L, 365997934L, -1066200809L, 85580396L, 
1077372029L, -1594699494L, 136954835L, 1815512824L, -209933159L, 
-63767674L, -2027997105L, 36379204L, 119372917L, -1369204046L, 
1330637451L, 2087903312L, 1571926033L, -1119102306L, 1249252999L, 
-1237588708L, -575347859L, -1663850678L, -62539709L, 1181938856L, 
891449993L, -1091588938L, -1100444737L, 1418697460L, -1663993499L, 
-1337108766L, 1916407035L, 2015372288L, -141503487L, 1841222094L, 
1682143223L, 789945292L, 1761812061L, 1583810938L, -579352397L, 
919588440L, 1077589113L, 514173414L, -1641039057L, -739686492L, 
-770330027L, 130227986L, 1055247211L, -725396560L, -1621494799L, 
542938366L, 850539879L, -623772036L, -493808307L, -510658646L, 
-410585821L, 916984840L, 1638167145L, -51907818L, 1076610719L, 
1656954964L, 523839301L, 252179266L, 1677338075L, -384340128L, 
1204555745L, -350739410L, -1604759849L, 1062997292L, 1989003325L, 
-353275430L, -671466093L, -434715208L, 771664985L, 1879672902L, 
-1143755249L, -697817852L, 541775925L, -2128686222L, -908190645L, 
177698576L, -1553586223L, 816086878L, -846216121L, -1386297380L, 
1827157805L, 938375178L, 1578672643L, 1006035816L, 1906860617L, 
-216176266L, -1772195457L, -1495050828L, -2061908699L, -1446330462L, 
45657787L, 1031695040L, 342309825L, -797661554L, -2140367433L, 
-263901556L, 424632861L, -1364587974L, -1964432781L, 904097048L, 
549491769L, -1779001690L, 851644655L, -1627409820L, 20246037L, 
-1785808942L, -1167008469L, -456701328L, -1664201807L, 1455135166L, 
-1798913241L, -29736644L, -885896947L, -1912133526L, 1093844707L, 
-2009636152L, 1193689641L, 757600214L, 1102613599L, -1941423340L, 
1005277957L, 1101904898L, 648914843L, 1915557408L, -832940127L, 
745298158L, 1815432343L, -1473708052L, -1111495683L, -1649880422L, 
-1518569645L, 1309525112L, -126325735L, -2113612538L, 834003919L, 
-284692540L, -1068764171L, -869610446L, 1993739787L, 371903952L, 
-1165336687L, -952507362L, 1578054151L, 1237084828L, 132598509L, 
1576143050L, -1911731261L, -1186885080L, 1075188233L, -2103450058L, 
-1628301505L, -1438003084L, -316288795L, -1547114398L, 1141969019L, 
1878749568L, -493001855L, -644400306L, 661353335L, 2036302156L, 
-1940429347L, 939903738L, -219399117L, -1032991784L, 287192057L, 
1909212006L, -1016846673L, -1277633244L, -452466219L, -1207234414L, 
21343979L, 1033503024L, 663905137L, -2101911938L, 1528893671L, 
-1203944452L, -377537331L, -1379460822L, 1574979747L, -655527544L, 
913297897L, 387771542L, -423423457L, -1002433068L, 2118205125L, 
-1456192318L, 1796925787L, 197229792L, -1171759263L, 2123189678L, 
-775484841L, 574665388L, 1770901437L, -1982270630L, 1517318419L, 
-1831107784L, 1118432217L, -286989882L, -830088817L, 113932932L, 
853594037L, -129530638L, -134758453L, -437459824L, 182343505L, 
1439434974L, 431251399L, 504679772L, -227402067L, 262035850L, 
-438061693L, 1561526504L, -2144632375L, 1513562870L, 769883391L, 
-914158796L, 280337573L, 923259170L, 1208169019L, 106379328L, 
-1175237823L, -1914269682L, -419425993L, 220501004L, -170186339L, 
725240762L, -549382669L, 724495000L, -518810695L, -823742426L, 
366148719L, 758433764L, -1454463595L, 939010386L, -1792786261L, 
-2047117328L, -2023343311L, -653270210L, -2088690009L, -73726276L, 
1631056013L, -1584412182L, 2001703523L, 663371848L, -280944215L, 
126257494L, 1695242207L, -714428268L, 33221253L, 1046187394L, 
587328283L, 211067808L, 1123428129L, 1178272366L, 1053722647L, 
1348674924L, -1917357187L, 1078055962L, -1600771373L, 1665139192L, 
-1135400039L, 862563974L, 939757391L, -1737505468L, -2083951755L, 
775224754L, -1358745205L, -2137146544L, -1138618607L, 1897590174L, 
-566276729L, 2099769372L, 810070637L, 229861962L, 2136727363L, 
-2043990104L, -777473655L, 648224694L, 1492296383L, 793708020L, 
-343332763L, -1136166430L, -531688453L, -1219379456L, -1305939199L, 
-1306352434L, 216690423L, -1370200372L, 1234873693L, 2030537850L, 
-643321933L, 2129054040L, 543208313L, -1979327258L, -1345351121L, 
-439127388L, 969482581L, -1642724846L, -1211329941L, 615231152L, 
-1005989135L, 1317349374L, -878252953L, 2064877948L, 370959437L, 
-1977533782L, -2025808861L, 852348680L, -245747351L, 186967574L, 
-1303290465L, 1250429780L, -1562880443L, -1176267198L, 2272475L, 
-1956214176L, 1619242721L, -1472891090L, -519322153L, -1789896660L, 
-33761475L, 295924954L, -508713837L, 771440824L, -718001319L, 
-1940702394L, -739310321L, -558379004L, 2126890805L, 1454585458L, 
-1111989429L, -1392684528L, -1240103215L, 1843827294L, 1232075591L, 
2041959132L, -2060777939L, -655279350L, 875940099L, 1397366376L, 
-1806851767L, 1420024950L, -169899905L, -965885772L, 962622501L, 
1279779490L, -1632324165L, -106232384L, -1560388927L, -888440434L, 
-1494577993L, 531560844L, 995488029L, -768766662L, 736102771L, 
-1940559848L, 516264761L, 1072286118L, -686168081L, 2020924772L, 
1110924565L, 858036946L, 1795073067L, 1080730992L, -1522718031L, 
-1747505986L, -1319994841L, -1452880836L, -1410557939L, 1211853674L, 
1198745059L, 2037915080L, 2088436009L, -289930538L, -2074795169L, 
1851270676L, -57048571L, -1802739966L, 1950166683L, 1593258272L, 
-896469343L, -1992512530L, -1505836137L, 331893484L, 1310587645L, 
247322010L, 1198972499L, 567099256L, -1123226855L, -161380346L, 
-938984753L, -731735356L, -1349131531L, 444739378L, 97998091L, 
-238311216L, -1602699631L, 1626273566L, -1190762233L, -427919972L, 
1960385005L, -1307063350L, -1640926525L, -1557148376L, -405122807L, 
284776758L, -1704317377L, 966736756L, 1979416549L, -1077343390L, 
-722200709L, 69405824L, 607355521L, 492899918L, -2101319049L, 
-470528948L, 1053619421L, -1486074374L, -542497997L, -499464488L, 
-335400199L, 1297249894L, -1854800465L, 1071188004L, 777607381L, 
-1838190L, 1887073771L, -1074242512L, -1296022927L, 700838270L, 
1917044711L, -1185624324L, -2039968819L, 2090753066L, 833089443L, 
977874056L, -1872523031L, 1056956310L, 1356245279L, 1268449492L, 
